main.go, [137 52 81 104 135 61 130 9 26 1 56 74 197 214 120 158 196 223 119 142], 184
readme.txt, [109 53 254 237 121 203 198 252 155 118 239 20 21 12 29 229 198 235 209 13], 402
dirHash\sha1.go, [38 54 244 102 66 11 34 105 44 234 49 130 194 1 200 1 95 132 191 243], 2078
.git\config, [140 239 81 251 53 103 237 247 20 171 225 181 90 188 221 117 98 110 163 228], 329
dirHash\sha1_test.go, [36 62 213 21 217 140 30 112 228 154 42 61 203 22 200 55 182 217 152 242], 412
.git\description, [150 53 241 183 225 44 4 82 18 129 157 217 52 216 9 239 7 239 162 244], 73
.git\HEAD, [172 186 239 39 94 70 167 241 76 30 244 86 255 242 200 187 232 200 71 36], 23
.git\index, [187 233 159 204 233 195 231 195 53 12 240 160 197 151 40 202 204 53 166 29], 176
.git\packed-refs, [205 90 254 235 244 157 141 123 221 251 212 54 56 51 179 4 150 50 131 233], 107
.git\hooks\applypatch-msg.sample, [134 185 101 90 158 187 222 19 172 141 213 121 94 180 213 181 57 237 171 15], 452
.git\info\exclude, [200 121 223 1 93 151 97 80 80 175 167 185 100 30 51 82 161 231 1 172], 240
.git\refs\heads\master, [175 145 110 95 24 82 120 230 18 218 40 37 229 215 95 210 75 44 140 89], 41
.git\hooks\commit-msg.sample, [238 30 213 170 217 138 67 95 32 32 182 222 53 193 115 183 93 154 255 172], 896
.git\refs\remotes\origin\HEAD, [217 66 124 218 9 171 161 205 222 92 105 194 177 60 144 91 221 176 188 81], 32
.git\logs\HEAD, [179 216 25 38 215 141 79 206 78 39 2 22 20 181 227 21 188 24 174 107], 177
.git\hooks\post-update.sample, [182 20 194 246 61 167 220 169 241 219 46 122 222 97 239 48 68 143 201 108], 189
.git\hooks\pre-applypatch.sample, [66 250 65 86 73 23 180 65 131 165 12 77 148 187 3 225 118 141 218 216], 398
.git\objects\89\2002b8e9006a25c00a99b6a4d994d6cbabaf48, [87 221 205 217 88 2 215 114 2 148 13 53 157 17 55 160 21 191 73 121], 121
.git\objects\ad\c299bf7061525d06f49f14c1ff98b56d795bf2, [250 164 241 148 233 118 230 142 41 224 220 162 166 44 221 100 84 168 4 81], 80
.git\hooks\pre-commit.sample, [54 174 216 151 109 204 8 181 7 104 68 240 236 100 91 24 188 55 117 143], 1642
.git\objects\24\dcac87c9d2458679e21d27e333228ab9480909, [146 125 214 245 186 154 196 17 183 173 242 31 148 9 237 229 161 93 233 16], 88
.git\objects\b3\8bfa34f81803f4e9043046c728de4b4a863715, [244 76 62 255 129 112 172 28 85 145 9 126 130 221 147 201 75 209 231 71], 52
.git\hooks\pre-push.sample, [180 173 116 201 137 97 107 115 149 220 108 159 206 152 113 187 30 134 223 181], 1352
.git\hooks\pre-rebase.sample, [88 133 165 106 180 252 168 7 90 5 165 98 208 5 233 34 205 233 133 59], 4951
.git\objects\f1\19be8185420e65883977a950f2654091a41589, [95 238 134 9 1 164 168 31 62 14 165 220 81 148 96 166 131 201 197 223], 177
.git\objects\4b\dee34f27672a87e7231c52d002bec681341ec3, [119 233 158 73 49 237 189 212 231 147 175 140 239 143 225 48 103 132 140 104], 49
.git\hooks\prepare-commit-msg.sample, [43 98 117 237 163 101 202 213 13 22 127 227 163 135 201 188 159 237 213 79], 1239
.git\hooks\update.sample, [57 53 90 7 89 119 208 87 8 239 116 225 182 109 9 163 110 72 109 241], 3611
.git\objects\69\5cc13cf519988badfed7a385e6be7ffe85fe47, [94 191 113 208 224 190 99 190 65 206 125 18 20 31 38 174 108 221 73 249], 183
.git\objects\7f\ffa2678742546db83f18a87961a9608656b833, [29 233 217 219 12 27 166 213 183 154 34 159 69 231 130 38 208 255 120 99], 81
.git\logs\refs\remotes\origin\HEAD, [179 216 25 38 215 141 79 206 78 39 2 22 20 181 227 21 188 24 174 107], 177
.git\logs\refs\heads\master, [179 216 25 38 215 141 79 206 78 39 2 22 20 181 227 21 188 24 174 107], 177
hashResult\hashout1477375697.txt, [170 160 15 41 157 179 238 197 119 72 92 52 112 146 59 202 165 8 64 31], 24693401
hashResult\hashout1477377708.txt, [246 193 140 114 203 54 159 65 125 122 94 200 118 69 232 255 173 184 138 174], 3767
hashResult\hashout1477378956.txt, [10 103 25 42 0 32 156 20 53 82 123 170 117 46 2 0 26 153 50 87], 0
